exact = 40.14149751537101
f1 = 41.47318983130525
total = 11873
HasAns_exact = 3.4244264507422404
HasAns_f1 = 6.091630038307667
HasAns_total = 5928
NoAns_exact = 76.75357443229605
NoAns_f1 = 76.75357443229605
NoAns_total = 5945
best_exact = 50.08001347595385
best_exact_thresh = 0.0
best_f1 = 50.08001347595385
best_f1_thresh = 0.0
epoch = 3.0
