exact = 72.26480249305146
f1 = 75.79414064143037
total = 11873
HasAns_exact = 71.94669365721997
HasAns_f1 = 79.01549120035466
HasAns_total = 5928
NoAns_exact = 72.58200168208579
NoAns_f1 = 72.58200168208579
NoAns_total = 5945
best_exact = 72.26480249305146
best_exact_thresh = 0.0
best_f1 = 75.79414064143035
best_f1_thresh = 0.0
epoch = 3.0
