exact = 21.17409247873326
f1 = 21.602626672175923
total = 11873
HasAns_exact = 0.15182186234817813
HasAns_f1 = 1.0101191765763773
HasAns_total = 5928
NoAns_exact = 42.136248948696384
NoAns_f1 = 42.136248948696384
NoAns_total = 5945
best_exact = 50.07159100480081
best_exact_thresh = 0.0
best_f1 = 50.07159100480081
best_f1_thresh = 0.0
