exact = 9.256295797186894
f1 = 9.841175951424136
total = 11873
HasAns_exact = 0.20242914979757085
HasAns_f1 = 1.373866746163764
HasAns_total = 5928
NoAns_exact = 18.284272497897394
NoAns_f1 = 18.284272497897394
NoAns_total = 5945
best_exact = 50.07159100480081
best_exact_thresh = 0.0
best_f1 = 50.07159100480081
best_f1_thresh = 0.0
epoch = 3.0
