exact = 66.71439400320054
f1 = 69.729023080156
total = 11873
HasAns_exact = 64.13630229419704
HasAns_f1 = 70.17420563945518
HasAns_total = 5928
NoAns_exact = 69.28511354079058
NoAns_f1 = 69.28511354079058
NoAns_total = 5945
best_exact = 66.71439400320054
best_exact_thresh = 0.0
best_f1 = 69.72902308015608
best_f1_thresh = 0.0
epoch = 3.0
