exact = 41.522782784468966
f1 = 42.66115066763635
total = 11873
HasAns_exact = 2.98582995951417
HasAns_f1 = 5.265830276121285
HasAns_total = 5928
NoAns_exact = 79.94953742640875
NoAns_f1 = 79.94953742640875
NoAns_total = 5945
best_exact = 50.08001347595385
best_exact_thresh = 0.0
best_f1 = 50.08001347595385
best_f1_thresh = 0.0
